0
0
0
0
0
0
0
3
47
226
566
1179
2619
4086
5716
7611
8820
9802
10811
11417
12000
12818
13449
14191
15140
15818
16622
17857
19128
20566
22484
23725
24744
26163
27197
28313
30160
31833
33638
35778
37224
38769
41098
42839
44611
46994
49025
50794
52540
53572
54488
55726
56597
57384
58137
58613
59136
60006
60681
61295
62205
62929
63680
64605
64990
65229
65437
65502
65526
65533
65534
65535
65535
65536
65536
65536
65536
65536
65536
65536
65536
65536
65536
65536
65536
65536
65536
65536
65536
65536
65536
65536
65536
65536
65536
65536
65536
65536
65536
65536
65536
65536
65536
65536
65536
65536
65536
65536
65536
65536
65536
65536
65536
65536
65536
65536
65536
65536
65536
65536
65536
65536
65536
65536
65536
65536
65536
65536
65536
65536
65536
65536
65536
65536
65536
65536
65536
65536
65536
65536
65536
65536
65536
65536
65536
65536
65536
65536
65536
65536
65536
65536
65536
65536
65536
65536
65536
65536
65536
65536
65536
65536
65536
65536
65536
65536
65536
65536
65536
65536
65536
65536
65536
65536
65536
65536
65536
65536
65536
65536
65536
65536
65536
65536
65536
65536
65536
65536
65536
65536
65536
65536
65536
65536
65536
65536
65536
65536
65536
65536
65536
65536
65536
65536
65536
65536
65536
65536
65536
65536
65536
65536
65536
65536
65536
65536
65536
65536
65536
65536
65536
65536
65536
65536
65536
65536
65536
65536
65536
65536
65536
65536
65536
65536
65536
65536
65536
65536
65536
65536
65536
65536
65536
65536
65536
65536
65536
65536
65536
65536
65536
65536
65536
65536
65536
65536
