0
0
0
0
0
0
0
3
44
179
340
613
1440
1467
1630
1895
1209
982
1009
606
583
818
631
742
949
678
804
1235
1271
1438
1918
1241
1019
1419
1034
1116
1847
1673
1805
2140
1446
1545
2329
1741
1772
2383
2031
1769
1746
1032
916
1238
871
787
753
476
523
870
675
614
910
724
751
925
385
239
208
65
24
7
1
1
0
1
0
0
0
0
0
0
0
0
0
0
0
0
0
0
0
0
0
0
0
0
0
0
0
0
0
0
0
0
0
0
0
0
0
0
0
0
0
0
0
0
0
0
0
0
0
0
0
0
0
0
0
0
0
0
0
0
0
0
0
0
0
0
0
0
0
0
0
0
0
0
0
0
0
0
0
0
0
0
0
0
0
0
0
0
0
0
0
0
0
0
0
0
0
0
0
0
0
0
0
0
0
0
0
0
0
0
0
0
0
0
0
0
0
0
0
0
0
0
0
0
0
0
0
0
0
0
0
0
0
0
0
0
0
0
0
0
0
0
0
0
0
0
0
0
0
0
0
0
0
0
0
0
0
0
0
0
0
0
0
0
0
0
0
0
0
0
0
0
0
0
0
0
0
0
0
0
0
0
0
0
0
0
